-0.01
-0.01
0.005
0.01
-0.01
0.005
0.01
0.01
0.01
0.01
0.01
0.01
0.005
0.005
0.01
0.01
0.005
0.01
0.01
0.01
0.01
0.01
0.01
0.005
0.01
0.01
0.005
0.005
0.01
0.01
0.01
0.01
0.01
0.01
0.01
0.005
0.01
0.01
0.01
0.005
0.01
0.005
0.005
0.005
0.005
0.01
0.01
0.01
0.01
0.005
0.005
0.005
0.01
0.01
0.01
0.005
0.01
-0.01
0.005
0.01
0.005
0.005
0.005
0.005
0.01
0.005
0.005
0.01
0.01
0.01
0.01
0.01
0.01
0.01
0.01
0.01
0.01
-0.01
0.011446781097548974
0.01
-0.01
0.01
0.01
-0.01
-0.009577630190529837
0.003637135968972846
0.01
0.01
0.023930871012970957
0.01
0.01
0.01
0.0009306327728353051
0.01
-0.01
-0.01
-0.01
0.01
0.01
-0.01
-0.01
-0.01
-0.01
0.01
-0.01
-0.01
0.01
0.01
-0.0038680235270664703
0.01
0.009013088653329332
-0.007849165072638673
0.01
0.01
0.01
0.01
0.01
0.01
0.01
-0.01
0.00886952150613537
-0.002466189079802804
0.01
0.01
-0.01
-0.01
-0.01
0.01
-0.01
0.014092370246012988
0.01
-0.01
0.009311156390583731
0.010814638516076145
0.01
0.005570079450631545
0.009669128294298189
0.01000525794311107
-0.01
-0.01
-0.01
0.01
0.00995787150524143
0.01
0.01
0.01
0.01
0.009940011035202697
0.01
0.005
0.01
-0.01
0.01
0.005
0.005
0.01
0.005
0.005
0.005
0.01
0.01
0.005
0.005
-0.01
0.01
0.005
0.01
0.005
0.01
-0.01
-0.01
-0.01
-0.01
-0.01
-0.01
-0.01
-0.01
-0.01
-0.01
-0.01
-0.01
-0.01
-0.01
-0.01
-0.01
-0.01
0.01
0.005
-0.01
-0.01
-0.01
-0.01
-0.01
-0.01
0.01
