1608638288
1608638319
1608638361
1608638403
1608638433
1608638463
1608638493
1608638524
1608638554
1608638584
1608638614
1608638655
1608638697
1608638729
1608638759
1608638789
1608638819
1608638849
1608638879
1608638921
1608639324
1608639384
1608639414
1608639445
1608639486
1608639528
1608639558
1608639618
1608639648
1608639720
1608639762
1608639792
1608639822
1608639852
1608639894
1608639934
1608639964
1608639995
1608640036
1608640078
1608640120
1608640151
1608640181
1608640211
1608640252
1608640282
1608640313
1608640352
1608640394
1608640424
1608640454
1608640496
1608640556
1608640586
1608640616
1608640658
1608640688
1608640730
1608641280
1608641310
1608641340
1608641370
1608641400
1608641430
1608641544
1608641586
