-1
-1
-1
1
-1
0
-1
1
-1
1
1
1
-1
1
1
1
1
0
-1
-1
0
1
0
1
0
1
1
1
-1
-1
1
0
0
0
1
0
-1
1
1
-1
1
1
-1
0
1
-1
0
-1
-1
1
1
0
0
1
1
1
-1
1
0
-1
-1
-1
1
0
1
-1
1
-1
-1
1
-1
1
0
1
6e-05
-2e-05
-8e-05
0.0
0.0
0.02
-0.0
0.008
-0.008
-0.0
0.002
0.002
2e-05
-0.0006
0.0002
-0.0002
-0.0
-0.0
8e-06
-0.0
0
0
1
1
1
1
0
1
1
1
1
0
1
-0.008
0.004
-0.004
0.0004
-0.004
0.0
0.006
0.004
0.0
-0.0008
-0.004
0.0008
0.004
-0.008
-0.0
-0.0004
0.0008
-8e-05
-0.0006
0.0002
-0.002
-0.0002
0.0
-0.0
0.0
4e-05
-0.0
-8e-05
-0.0008
4e-05
4e-06
-8e-05
-4e-05
-0.0
-8e-06
0.0
4e-06
4e-05
4e-05
-4e-06
4e-05
1
1
1
0
-1
-1
-1
1
1
1
1
0
1
1
1
0.0002
0.0
-0.0
-6e-05
0.0
0.0012000000000000001
4e-05
1
-4e-05
4e-05
-4e-05
1
1
1
-1
1
0
