9.5
10.5
9.5
10.433333333333334
10.5
9.5
10.5
10.5
9.5
10.5
10.5
4.614521386239411
10.5
10.5
10.433333333333334
10.5
10.5
9.5
9.5
9.5
10.5
10.5
9.5
9.5
10.433333333333334
5.079135936025845
4.614521386239411
4.586907148747872
5.079135936025845
4.614521386239411
10.5
4.614521386239411
10.5
9.5
9.5
10.433333333333334
4.614521386239411
5.079135936025845
5.0481958283499955
5.079135936025845
5.0481958283499955
5.637876704670761
5.4
5.079135936025845
5.4
5.637876704670761
5.821599153095945
5.821599153095945
5.63787670467076
5.63787670467076
5.63787670467076
5.4
5.4
5.4
5.637876704670761
5.602685768337398
10.166666666666666
10.166666666666666
10.166666666666666
9.166666666666666
9.166666666666666
10.233333333333334
10.3
10.3
3.547587426926598
3.425551390425377
2.9714166023679023
5.569990542602827
5.636231930243282
6.693975580949081
7.332108494659044
5.906240537550878
6.948150386150127
6.88576083959773
8.316839668549626
5.40815627948605
7.509780756220392
0.6322399937444476
2.836217005016562
3.0612407942419675
3.7342547714848076
3.828953414290284
3.9444740938490725
3.5254150167648777
3.9270136248148595
3.873934256672559
3.9714879536147625
4.205214427340255
4.144694207886873
4.154461310786565
4.00994030274312
5.5282915149979175
5.399307981682959
5.479165592014593
4.104265504157604
4.30968156721884
4.172120939951787
3.9821470007293396
0.5143825839017963
1.572760396176159
0.6488232164550001
0.723779589402215
1.100270831814326
1.9435528730395697
1.1147520665258681
0.916267094199088
0.8498045570631618
1.2502902867510126
1.2165278257683276
1.7764514911692004
1.2587345423288834
2.083533670145751
1.9457399789631526
2.3022447302435225
2.7561197780487507
3.215275354367142
3.5518655320607815
3.462092098890392
2.226891107572208
2.338215916677823
3.1094781024137226
1.9298256446438118
2.487301816166866
3.3172205481162194
3.4844030873554765
2.233654337290563
3.5282203760274475
4.055677200376259
9.204806325896845
7.264007896535085
7.292573583617419
8.106850244396597
9.438922341126444
7.295626731150749
7.237661959788663
4.169024277778656
8.213517574781246
8.345483321665748
7.213375666977895
7.5464673403862985
7.287835080091996
10.044773771244607
9.5
9.5
9.5
9.5
10.433333333333334
10.5
10.433333333333334
10.5
10.433333333333334
10.5
9.5
9.5
9.492048655062781
9.485107025198143
9.486288787126202
10.487331127433118
9.487331127433118
9.487331127433118
10.487331127433118
9.487331127433118
9.487331127433118
9.487331127433118
9.487331127433118
9.487331127433118
9.487331127433118
9.487331127433118
10.491974516044099
10.5
10.5
10.5
10.5
10.5
10.5
10.5
10.5
10.5
10.433333333333334
10.366666666666667
