0.496
0.496
1.492
1.488
1.484
1.48
1.484
1.48
1.476
1.48
1.48
1.476
0.476
0.476
1.476
0.476
1.48
1.48
1.476
0.476
0.476
1.476
1.476
1.48
1.476
0.476
1.476
1.476
1.48
1.476
0.476
0.476
0.476
1.476
1.476
0.476
0.476
0.476
0.476
1.48
1.476
0.476
0.476
1.48
1.484
1.48
1.476
0.476
0.476
0.476
0.476
0.476
0.476
1.476
1.476
0.476
0.476
1.476
0.476
1.476
0.476
0.476
0.476
0.476
1.476
0.476
1.48
1.484
1.484
1.48
1.484
1.484
1.484
1.484
1.484
1.484
1.48
1.476
1.476
1.476
0.476
1.476
0.476
1.476
1.476
1.476
1.48
1.476
1.48
1.476
0.476
0.476
0.476
0.476
0.476
0.476
0.476
0.476
1.48
1.48
1.48
1.48
1.476
0.476
1.476
1.476
1.475999961814353
1.475999992065493
0.47599997186826204
1.4759999760282163
0.47599997142958095
1.4799998700196864
1.479999946915026
1.4799999767567154
1.4799999568966253
