9.5
10.5
9.5
10.433333333333334
10.5
9.5
10.5
10.5
9.5
10.5
10.5
4.614521386239411
10.5
10.5
10.433333333333334
10.5
10.5
9.5
9.5
9.5
10.5
10.5
9.5
9.5
10.433333333333334
5.079135936025845
4.614521386239411
4.586907148747872
5.079135936025845
4.614521386239411
10.5
4.614521386239411
10.5
9.5
9.5
10.433333333333334
4.614521386239411
5.079135936025845
5.0481958283499955
5.079135936025845
5.0481958283499955
5.637876704670761
5.4
5.079135936025845
5.4
5.637876704670761
5.821599153095945
5.821599153095945
5.63787670467076
5.63787670467076
5.63787670467076
5.4
5.4
5.4
5.637876704670761
5.602685768337398
10.166666666666666
10.166666666666666
10.166666666666666
9.166666666666666
9.166666666666666
10.233333333333334
10.3
10.3
3.547587426926598
3.425551390425377
2.9714166023679023
5.569990542602827
5.636231930243282
6.693975580949081
7.332108494659044
5.906240537550878
6.948150386150127
6.88576083959773
8.316839668549626
5.40815627948605
7.509780756220392
0.6322399937444476
2.836217005016562
3.0612407942419675
3.7342547714848076
3.828953414290284
3.9444740938490725
3.5254150167648777
3.9270136248148595
3.873934256672559
3.9714879536147625
4.205214427340255
4.144694207886873
4.154461310786565
4.00994030274312
5.5282915149979175
5.399307981682959
5.479165592014593
4.104265504157604
4.30968156721884
4.172120939951787
3.9821470007293396
0.5143825839017963
1.572760396176159
0.6488232164550001
0.723779589402215
1.100270831814326
1.9435528730395697
1.1147520665258681
0.916267094199088
0.8498045570631618
1.2502902867510126
1.2165278257683276
1.7764514911692004
1.2587345423288834
2.083533670145751
1.9457399789631526
2.3022447302435225
2.7561197780487507
3.215275354367142
3.5518655320607815
3.462092098890392
2.226891107572208
2.338215916677823
3.1094781024137226
1.9298256446438118
2.487301816166866
3.3172205481162194
3.4844030873554765
2.233654337290563
3.5282203760274475
4.055677200376259
9.204806325896845
7.264007896535085
7.292573583617419
8.106850244396597
9.438922341126444
7.295626731150749
7.237661959788663
4.169024277778656
8.213517574781246
8.345483321665748
7.213375666977895
7.5464673403862985
7.287835080091996
10.044773771244607
9.5
9.5
9.5
9.5
10.433333333333334
10.5
10.433333333333334
10.5
10.433333333333334
10.5
9.5
9.5
9.492048655062781
9.485107025198143
9.486288787126202
10.487331127433118
9.487331127433118
9.487331127433118
10.487331127433118
9.487331127433118
9.487331127433118
9.487331127433118
9.487331127433118
9.487331127433118
9.487331127433118
9.487331127433118
10.491974516044099
10.5
10.5
10.5
10.5
10.5
10.5
10.5
10.5
10.5
10.433333333333334
10.366666666666667
10.433333333333334
10.433333333333334
10.366666666666667
10.3
10.233333333333334
10.166666666666666
10.166666666666666
9.166666666666666
10.166666666666666
10.166666666666666
9.166666666666666
10.166666666666666
10.166666666666666
9.166666666666666
10.166666666666666
10.166666666666666
9.166666666666666
9.166666666666666
10.166666666666666
9.166666666666666
10.166666666666666
9.166666666666666
10.233333333333334
10.166666666666666
10.233333333333334
10.233333333333334
10.166666666666666
9.166666666666666
9.166666666666666
10.166666666666666
10.233333333333334
10.166666666666666
10.166666666666666
10.166666666666666
9.166666666666666
9.166666666666666
10.166666666666666
10.166666666666666
10.166666666666666
9.166666666666666
10.166666666666666
9.166666666666666
9.166666666666666
9.166666666666666
9.166666666666666
9.166666666666666
10.233333333333334
10.166666666666666
9.166666666666666
10.233333333333334
10.166666666666666
9.166666666666666
9.166666666666666
9.166666666666666
9.166666666666666
9.166666666666666
9.166666666666666
9.166666666666666
9.166666666666666
9.166666666666666
10.233333333333334
10.166666666666666
10.233333333333334
10.166666666666666
10.233333333333334
10.166666666666666
9.166666666666666
9.166666666666666
9.166666666666666
9.166666666666666
9.166666666666666
10.233333333333334
10.166666666666666
9.166666666666666
9.166666666666666
9.166666666666666
9.166666666666666
9.166666666666666
9.166666666666666
9.166666666666666
9.166666666666666
9.166666666666666
4.821599153095945
5.63787670467076
5.4
5.079135936025845
4.614521386239411
4.614521386239411
10.5
9.5
9.5
9.5
10.5
9.5
10.5
9.5
10.5
10.5
9.5
9.5
9.5
9.5
9.5
10.5
10.5
9.5
9.5
9.5
9.5
9.5
10.433333333333334
10.5
9.5
9.5
9.5
9.5
9.5
9.5
4.614521386239411
10.5
9.5
9.5
4.614521386239411
10.5
9.5
9.5
9.5
9.5
9.5
10.433333333333334
10.366666666666667
10.3
10.233333333333334
10.166666666666666
9.166666666666666
9.166666666666666
10.233333333333334
10.166666666666666
9.166666666666666
4.60483777585038
4.925796276585661
4.513504174864234
5.283591738902633
5.3880811194463325
4.177296386632075
3.662618647834212
3.3256381190900117
7.105010928076326
5.72823802887527
1.313811062090529
3.870305494372703
5.668787530828638
4.894583495192027
1.6756460226266519
5.3858543411638875
1.8327787273745408
5.535239518696045
1.1940415061761982
6.265924691928218
5.664276040789805
1.9240770875785544
7.743773714288128
8.510611274375059
7.102364980396016
7.3222582793051645
5.244029969497663
6.737902653079143
7.4196522073226685
8.272419462646184
7.33910909670979
8.248838832520223
7.331029620179374
-0.33656473397140496
-0.4545494684662208
-0.24191446979850212
0.274368748002493
-0.23253634663603523
0.9354175841018456
1.201449623414059
0.0020649541096188218
0.7138582062715056
0.9483731673701628
-0.01835002356789761
0.2889186685134707
-0.4664621601783905
0.7038171816745229
0.8654005037678081
1.1097013369323079
0.8881205579768399
0.8694887017602271
1.244642837612729
1.1685415527915881
1.590718494378513
1.5875354014527723
1.1985459542288732
1.1750030708135277
1.5309968262684763
1.116316184567045
1.7813281602430824
2.324275211919919
0.9524094571443633
5.08577335179141
6.292727740376065
6.7675983307728975
3.1371527555391947
5.805290890378008
4.293103318647558
6.4530067798196455
5.890648957833772
6.573811761634682
6.358091262276208
6.531827426992483
5.77871166193482
5.657097842348431
6.411698904835021
7.481433138206466
2.6482375581968105
10.242087682885193
10.3
10.366666666666667
10.433333333333334
10.5
9.5
9.5
10.5
9.5
9.5
9.5
9.5
10.433333333333334
10.495431538479636
9.496955586801974
10.433027910393687
10.366666666666667
10.3
10.233333333333334
10.166666666666666
9.166666666666666
9.166666666666666
9.166666666666666
9.166666666666666
10.233333333333334
10.3
10.366666666666667
10.433333333333334
10.366666666666667
10.3
10.233333333333334
10.166666666666666
10.166666666666666
10.233333333333334
10.166666666666666
10.233333333333334
10.3
10.233333333333334
10.166666666666666
9.166666666666666
9.166666666666666
9.166666666666666
9.166666666666666
