1608638288
1608638319
1608638361
1608638403
1608638433
1608638463
1608638493
1608638524
1608638554
1608638584
1608638614
1608638655
1608638697
1608638729
1608638759
1608638789
1608638819
1608638849
1608638879
1608638921
1608639324
1608639384
1608639414
1608639445
1608639486
1608639528
1608639558
1608639618
1608639648
1608639720
1608639762
1608639792
1608639822
1608639852
1608639894
1608639934
1608639964
1608639995
1608640036
1608640078
1608640120
1608640151
1608640181
1608640211
1608640252
1608640282
1608640313
1608640352
1608640394
1608640424
1608640454
1608640496
1608640556
1608640586
1608640616
1608640658
1608640688
1608640730
1608641280
1608641310
1608641340
1608641370
1608641400
1608641430
1608641544
1608641586
1608646740
1608646770
1608646800
1608646830
1608646860
1608646890
1608646962
1608647004
1608647075
1608647105
1608647136
1608647166
1608647196
1608647237
1608647267
1608647309
1608647340
1608647412
1608647442
1608647483
1608647525
1608647567
1608647608
1608647638
1608647668
1608647710
1608647751
1608647823
1608647853
1608647883
1608647913
1608647944
1608647986
1608648016
1608648046
1608648076
1608648106
1608648149
1608648179
1608648209
1608648239
1608648341
1608648371
1608648412
1608648442
1608648472
1608648502
1608648532
1608648563
1608648604
1608648634
1608648664
1608648694
1608648724
1608648754
1608648784
1608648815
1608648887
1608648917
1608648947
1608648989
1608649031
1608649091
1608649133
1608649163
1608649193
1608649223
1608649716
1608649746
1608649776
1608649806
1608649950
1608649980
1608650011
1608650113
1608650143
