0.496
0.496
1.492
1.488
1.484
1.48
1.484
1.48
1.476
1.48
1.48
1.476
0.476
0.476
1.476
0.476
1.48
1.48
1.476
0.476
0.476
1.476
1.476
1.48
1.476
0.476
1.476
1.476
1.48
1.476
0.476
0.476
0.476
1.476
1.476
0.476
0.476
0.476
0.476
1.48
1.476
0.476
0.476
1.48
1.484
1.48
1.476
0.476
0.476
0.476
0.476
0.476
0.476
1.476
1.476
0.476
0.476
1.476
0.476
1.476
0.476
0.476
0.476
0.476
1.476
0.476
1.48
1.484
1.484
1.48
1.484
1.484
1.484
1.484
1.484
1.484
1.48
1.476
1.476
1.476
0.476
1.476
0.476
1.476
1.476
1.476
1.48
1.476
1.48
1.476
0.476
0.476
0.476
0.476
0.476
0.476
0.476
0.476
1.48
1.48
1.48
1.48
1.476
0.476
1.476
1.476
1.475999961814353
1.475999992065493
0.47599997186826204
1.4759999760282163
0.47599997142958095
1.4799998700196864
1.479999946915026
1.4799999767567154
1.4799999568966253
1.4799989199116106
1.4799997869710066
1.479999989320487
1.475999953536119
1.4759999703678264
1.4759999910686976
1.4799999984682954
1.483750078764015
1.4879726199043029
1.4839958132941424
1.4839996764668473
1.4839998824277592
1.4839997575523682
1.483999798855997
1.4839999199775984
1.4839997966409242
1.483999766890618
1.4839973655603407
1.4879732325639985
1.4839927801683437
1.4799938628643212
1.47999911279884
1.4799990229614963
1.4799936892793761
1.4799992759426475
1.476
1.476
1.476
1.476
1.476
1.476
1.476
1.48
1.476
1.476
1.476
1.476
0.476
1.476
1.476
0.476
1.476
1.476
1.476
1.476
1.476
1.476
1.4759998587937146
1.4759996814252112
1.4759995887521642
1.4759997175265784
1.4759994813276727
1.475999434313538
1.4759993333462684
1.4759996284871084
1.4759980793996315
1.47599912923219
1.4759982764897783
0.4759994496718406
1.4759997861794407
1.475999043967501
1.4759997651566101
1.4759998005374046
1.4759986608791515
1.47599870062811
1.475999577669565
0.47599980085904803
1.4759999676913038
1.475999943816259
1.4759997088044845
1.4759992764165897
1.4759990837576655
1.4759993531363091
1.4759996453784374
1.4758951892023897
1.4759997419323598
1.4759998127524436
1.4759998521527873
1.4759998474533322
1.4759999943873492
1.4759999550865277
1.4759999627430125
1.4759999750824428
1.4759998863179442
1.4759998881680354
0.47599994503679044
1.4759999672316029
1.4759999507979265
1.4759996360557892
1.4759995314302305
1.475999730984991
1.4759998431055676
1.4759999832480686
1.475999912513429
1.4759998638047658
1.4759998848323956
1.4759998653779784
1.4759999137964348
1.475999998070459
1.475999997175113
1.4759999975066178
1.4759999933215102
1.4759999912239063
1.4759999996886806
1.4759999882824943
1.4759999916621085
1.4759999932742123
1.4759999945110907
1.475999996069643
0.47599999708194085
1.475999994894225
1.4759999992616764
0.475999996472926
1.4759999849506213
1.4759999941414512
1.4759999884946002
1.4759999919139961
1.4759999895048144
1.4759999949369358
1.4759999943226414
1.4759999973097726
1.4759999964563486
1.4759999796845809
1.4759999923731488
1.4759999939797117
1.4759999921531097
1.4759999884361443
1.476
1.476
1.476
1.476
1.476
1.476
1.476
1.476
1.476
1.476
1.476
1.476
1.476
1.476
1.476
1.476
1.476
1.476
